0 40.51543
1.02 40.35508
2.02 40.35498
3.02 40.33458
4.02 40.34646
5.011412 40.50267
6.02 41.96429
7.009958 43.61851
8.02 45.39045
9.010015 48.2701
10.02 51.33663
11.02 54.46062
12.02 56.64146
13.00982 56.91674
14.02 53.5641
15.01078 48.61247
16.01054 47.46698
0 40.51543
1.002999 39.06657
2.002508 39.89568
3.002597 43.43557
4.016065 47.68351
5.002535 51.95324
6.01958 55.2859
7.002674 56.99541
8.015694 56.7503
9.005521 56.46968
10.00422 56.27755
11.01646 55.27314
12.00397 52.37986
13.0047 47.85779
14.01644 48.1241
